pq_all_cols: 0.4179724836349487
feather_all_cols: 0.26202451705932617
pq_single_col: 0.10951032638549804
feather_single_col: 0.2119576358795166
